             o  ,    o  ,                             NEW BEDFORD, MASSACHUSETTS                       Astronomical Applications Dept.
Location: W070 56, N41 39                          Rise and Set for the Sun for 2016                   U. S. Naval Observatory        
                                                                                                       Washington, DC  20392-5420     
                                                         Eastern Standard Time                                                        
                                                                                                                                      
                                                                                                                                      
       Jan.       Feb.       Mar.       Apr.       May        June       July       Aug.       Sept.      Oct.       Nov.       Dec.  
Day Rise  Set  Rise  Set  Rise  Set  Rise  Set  Rise  Set  Rise  Set  Rise  Set  Rise  Set  Rise  Set  Rise  Set  Rise  Set  Rise  Set
     h m  h m   h m  h m   h m  h m   h m  h m   h m  h m   h m  h m   h m  h m   h m  h m   h m  h m   h m  h m   h m  h m   h m  h m
01  0711 1624  0656 1659  0618 1735  0526 1810  0440 1842  0412 1912  0413 1922  0439 1901  0510 1816  0541 1725  0616 1638  0652 1614
02  0711 1625  0655 1700  0616 1736  0524 1811  0439 1843  0411 1913  0414 1922  0440 1900  0511 1814  0542 1723  0618 1637  0653 1614
03  0711 1626  0654 1701  0615 1737  0523 1812  0437 1845  0411 1913  0414 1921  0441 1858  0512 1813  0543 1721  0619 1635  0654 1614
04  0711 1626  0653 1703  0613 1738  0521 1813  0436 1846  0410 1914  0415 1921  0442 1857  0513 1811  0544 1720  0620 1634  0655 1614
05  0711 1627  0652 1704  0611 1739  0519 1814  0435 1847  0410 1915  0416 1921  0443 1856  0514 1809  0545 1718  0621 1633  0656 1613
06  0711 1628  0651 1705  0610 1741  0518 1815  0434 1848  0410 1915  0416 1921  0444 1855  0515 1808  0546 1716  0622 1632  0657 1613
07  0711 1629  0650 1706  0608 1742  0516 1816  0432 1849  0410 1916  0417 1920  0445 1854  0516 1806  0548 1715  0624 1631  0657 1613
08  0710 1630  0649 1708  0606 1743  0514 1817  0431 1850  0409 1917  0418 1920  0446 1852  0517 1804  0549 1713  0625 1630  0658 1613
09  0710 1631  0647 1709  0605 1744  0513 1818  0430 1851  0409 1917  0418 1919  0447 1851  0518 1803  0550 1711  0626 1629  0659 1613
10  0710 1632  0646 1710  0603 1745  0511 1819  0429 1852  0409 1918  0419 1919  0448 1850  0519 1801  0551 1710  0627 1628  0700 1613
11  0710 1633  0645 1711  0601 1746  0509 1821  0428 1853  0409 1918  0420 1918  0449 1848  0520 1759  0552 1708  0629 1627  0701 1613
12  0710 1635  0644 1713  0600 1748  0508 1822  0427 1854  0409 1919  0421 1918  0450 1847  0521 1757  0553 1706  0630 1626  0702 1614
13  0709 1636  0642 1714  0558 1749  0506 1823  0426 1855  0409 1919  0421 1917  0451 1846  0522 1756  0554 1705  0631 1625  0702 1614
14  0709 1637  0641 1715  0556 1750  0505 1824  0425 1856  0409 1920  0422 1917  0452 1844  0523 1754  0555 1703  0632 1624  0703 1614
15  0708 1638  0640 1717  0555 1751  0503 1825  0424 1857  0409 1920  0423 1916  0453 1843  0524 1752  0556 1702  0633 1623  0704 1614
16  0708 1639  0638 1718  0553 1752  0501 1826  0423 1858  0409 1920  0424 1915  0454 1841  0525 1750  0558 1700  0635 1622  0705 1615
17  0708 1640  0637 1719  0551 1753  0500 1827  0422 1859  0409 1921  0425 1915  0455 1840  0526 1749  0559 1659  0636 1621  0705 1615
18  0707 1641  0636 1720  0550 1754  0458 1828  0421 1900  0409 1921  0425 1914  0456 1838  0528 1747  0600 1657  0637 1621  0706 1615
19  0706 1643  0634 1722  0548 1755  0457 1829  0420 1901  0409 1921  0426 1913  0457 1837  0529 1745  0601 1656  0638 1620  0706 1616
20  0706 1644  0633 1723  0546 1756  0455 1830  0419 1902  0409 1921  0427 1912  0458 1835  0530 1744  0602 1654  0639 1619  0707 1616
21  0705 1645  0631 1724  0545 1758  0454 1831  0418 1903  0410 1922  0428 1912  0459 1834  0531 1742  0603 1653  0641 1619  0707 1617
22  0705 1646  0630 1725  0543 1759  0452 1833  0418 1904  0410 1922  0429 1911  0500 1832  0532 1740  0604 1651  0642 1618  0708 1617
23  0704 1647  0628 1726  0541 1800  0451 1834  0417 1905  0410 1922  0430 1910  0501 1831  0533 1738  0606 1650  0643 1617  0708 1618
24  0703 1649  0627 1728  0539 1801  0449 1835  0416 1905  0410 1922  0431 1909  0502 1829  0534 1737  0607 1648  0644 1617  0709 1618
25  0702 1650  0625 1729  0538 1802  0448 1836  0416 1906  0411 1922  0432 1908  0503 1827  0535 1735  0608 1647  0645 1616  0709 1619
26  0702 1651  0624 1730  0536 1803  0447 1837  0415 1907  0411 1922  0433 1907  0504 1826  0536 1733  0609 1646  0646 1616  0709 1620
27  0701 1652  0622 1731  0534 1804  0445 1838  0414 1908  0412 1922  0434 1906  0505 1824  0537 1731  0610 1644  0647 1615  0710 1620
28  0700 1654  0621 1732  0533 1805  0444 1839  0414 1909  0412 1922  0435 1905  0506 1823  0538 1730  0611 1643  0648 1615  0710 1621
29  0659 1655  0619 1734  0531 1806  0443 1840  0413 1910  0412 1922  0436 1904  0507 1821  0539 1728  0613 1642  0650 1615  0710 1622
30  0658 1656             0529 1807  0441 1841  0413 1910  0413 1922  0437 1903  0508 1819  0540 1726  0614 1640  0651 1614  0710 1623
31  0657 1658             0528 1809             0412 1911             0438 1902  0509 1818             0615 1639             0711 1624

                                             Add one hour for daylight time, if and when in use.